   0   1   2   3
   4   5   6   7
   8   9  10  11
  12  13  14  15
----------

---------------------------------------
heuristic :Linear Conflict
   6  12   4   7
  10   3   1   2
   5   9  14  13
   0   8  11  15
----------

   6  12   4   7
  10   3   1   2
   5   9  14  15
   0   8  11  13
----------

   6  12   4   7
  10   3   1   2
   5   9  15  14
   0   8  11  13
----------

   6  12   4   7
  10   3   1   2
   5  15   9  14
   0   8  11  13
----------

   6  12   4   7
  10  15   1   2
   5   3   9  14
   0   8  11  13
----------

   6  15   4   7
  10  12   1   2
   5   3   9  14
   0   8  11  13
----------

   6   4  15   7
  10  12   1   2
   5   3   9  14
   0   8  11  13
----------

   6   4   1   7
  10  12  15   2
   5   3   9  14
   0   8  11  13
----------

   6   4   1   7
  10  12   9   2
   5   3  15  14
   0   8  11  13
----------

   6   4   1   7
  10  12   9   2
   5  15   3  14
   0   8  11  13
----------

   6   4   1   7
  10  15   9   2
   5  12   3  14
   0   8  11  13
----------

   6   4   1   7
  15  10   9   2
   5  12   3  14
   0   8  11  13
----------

   6   4   1   7
   5  10   9   2
  15  12   3  14
   0   8  11  13
----------

   6   4   1   7
   5  10   9   2
   0  12   3  14
  15   8  11  13
----------

   6   4   1   7
   5  10   9   2
   0  12   3  14
   8  15  11  13
----------

   6   4   1   7
   5  10   9   2
   0  15   3  14
   8  12  11  13
----------

   6   4   1   7
   5  15   9   2
   0  10   3  14
   8  12  11  13
----------

   6   4   1   7
   5   9  15   2
   0  10   3  14
   8  12  11  13
----------

   6   4   1   7
   5   9   3   2
   0  10  15  14
   8  12  11  13
----------

   6   4   1   7
   5   9   3   2
   0  15  10  14
   8  12  11  13
----------

   6   4   1   7
   5  15   3   2
   0   9  10  14
   8  12  11  13
----------

   6   4   1   7
  15   5   3   2
   0   9  10  14
   8  12  11  13
----------

   6   4   1   7
   0   5   3   2
  15   9  10  14
   8  12  11  13
----------

   6   4   1   7
   0   5   3   2
   8   9  10  14
  15  12  11  13
----------

   6   4   1   7
   0   5   3   2
   8   9  10  14
  12  15  11  13
----------

   6   4   1   7
   0   5   3   2
   8  15  10  14
  12   9  11  13
----------

   6   4   1   7
   0  15   3   2
   8   5  10  14
  12   9  11  13
----------

   6  15   1   7
   0   4   3   2
   8   5  10  14
  12   9  11  13
----------

  15   6   1   7
   0   4   3   2
   8   5  10  14
  12   9  11  13
----------

   0   6   1   7
  15   4   3   2
   8   5  10  14
  12   9  11  13
----------

   0   6   1   7
   4  15   3   2
   8   5  10  14
  12   9  11  13
----------

   0  15   1   7
   4   6   3   2
   8   5  10  14
  12   9  11  13
----------

   0   1  15   7
   4   6   3   2
   8   5  10  14
  12   9  11  13
----------

   0   1   3   7
   4   6  15   2
   8   5  10  14
  12   9  11  13
----------

   0   1   3   7
   4   6   2  15
   8   5  10  14
  12   9  11  13
----------

   0   1   3  15
   4   6   2   7
   8   5  10  14
  12   9  11  13
----------

   0   1  15   3
   4   6   2   7
   8   5  10  14
  12   9  11  13
----------

   0   1   2   3
   4   6  15   7
   8   5  10  14
  12   9  11  13
----------

   0   1   2   3
   4  15   6   7
   8   5  10  14
  12   9  11  13
----------

   0   1   2   3
   4   5   6   7
   8  15  10  14
  12   9  11  13
----------

   0   1   2   3
   4   5   6   7
   8  10  15  14
  12   9  11  13
----------

   0   1   2   3
   4   5   6   7
   8  10  11  14
  12   9  15  13
----------

   0   1   2   3
   4   5   6   7
   8  10  11  14
  12   9  13  15
----------

   0   1   2   3
   4   5   6   7
   8  10  11  15
  12   9  13  14
----------

   0   1   2   3
   4   5   6   7
   8  10  15  11
  12   9  13  14
----------

   0   1   2   3
   4   5   6   7
   8  15  10  11
  12   9  13  14
----------

   0   1   2   3
   4   5   6   7
   8   9  10  11
  12  15  13  14
----------

   0   1   2   3
   4   5   6   7
   8   9  10  11
  12  13  15  14
----------

   0   1   2   3
   4   5   6   7
   8   9  10  11
  12  13  14  15
----------

analysis--->
cost : 48
nodes expanded : 34781539
nodes explored: 35430328
所花費時間為: 364.143s

---------------------------------------
