   0   1   2   3
   4   5   6   7
   8   9  10  11
  12  13  14  15
----------

---------------------------------------
heuristic :Linear Conflict
   9   4   0   6
   2   8   3  13
   5   1  11  10
  12   7  14  15
----------

   9   4   0   6
   2   8   3  13
   5   1  11  15
  12   7  14  10
----------

   9   4   0   6
   2   8   3  13
   5   1  15  11
  12   7  14  10
----------

   9   4   0   6
   2   8   3  13
   5  15   1  11
  12   7  14  10
----------

   9   4   0   6
   2   8   3  13
   5   7   1  11
  12  15  14  10
----------

   9   4   0   6
   2   8   3  13
   5   7   1  11
  12  14  15  10
----------

   9   4   0   6
   2   8   3  13
   5   7   1  11
  12  14  10  15
----------

   9   4   0   6
   2   8   3  13
   5   7   1  15
  12  14  10  11
----------

   9   4   0   6
   2   8   3  13
   5   7  15   1
  12  14  10  11
----------

   9   4   0   6
   2   8   3  13
   5  15   7   1
  12  14  10  11
----------

   9   4   0   6
   2  15   3  13
   5   8   7   1
  12  14  10  11
----------

   9   4   0   6
  15   2   3  13
   5   8   7   1
  12  14  10  11
----------

  15   4   0   6
   9   2   3  13
   5   8   7   1
  12  14  10  11
----------

   4  15   0   6
   9   2   3  13
   5   8   7   1
  12  14  10  11
----------

   4   0  15   6
   9   2   3  13
   5   8   7   1
  12  14  10  11
----------

   4   0   3   6
   9   2  15  13
   5   8   7   1
  12  14  10  11
----------

   4   0   3   6
   9   2  13  15
   5   8   7   1
  12  14  10  11
----------

   4   0   3   6
   9   2  13   1
   5   8   7  15
  12  14  10  11
----------

   4   0   3   6
   9   2  13   1
   5   8  15   7
  12  14  10  11
----------

   4   0   3   6
   9   2  15   1
   5   8  13   7
  12  14  10  11
----------

   4   0   3   6
   9   2   1  15
   5   8  13   7
  12  14  10  11
----------

   4   0   3  15
   9   2   1   6
   5   8  13   7
  12  14  10  11
----------

   4   0  15   3
   9   2   1   6
   5   8  13   7
  12  14  10  11
----------

   4   0   1   3
   9   2  15   6
   5   8  13   7
  12  14  10  11
----------

   4   0   1   3
   9  15   2   6
   5   8  13   7
  12  14  10  11
----------

   4   0   1   3
  15   9   2   6
   5   8  13   7
  12  14  10  11
----------

   4   0   1   3
   5   9   2   6
  15   8  13   7
  12  14  10  11
----------

   4   0   1   3
   5   9   2   6
   8  15  13   7
  12  14  10  11
----------

   4   0   1   3
   5   9   2   6
   8  13  15   7
  12  14  10  11
----------

   4   0   1   3
   5   9   2   6
   8  13  10   7
  12  14  15  11
----------

   4   0   1   3
   5   9   2   6
   8  13  10   7
  12  15  14  11
----------

   4   0   1   3
   5   9   2   6
   8  15  10   7
  12  13  14  11
----------

   4   0   1   3
   5  15   2   6
   8   9  10   7
  12  13  14  11
----------

   4   0   1   3
  15   5   2   6
   8   9  10   7
  12  13  14  11
----------

  15   0   1   3
   4   5   2   6
   8   9  10   7
  12  13  14  11
----------

   0  15   1   3
   4   5   2   6
   8   9  10   7
  12  13  14  11
----------

   0   1  15   3
   4   5   2   6
   8   9  10   7
  12  13  14  11
----------

   0   1   2   3
   4   5  15   6
   8   9  10   7
  12  13  14  11
----------

   0   1   2   3
   4   5   6  15
   8   9  10   7
  12  13  14  11
----------

   0   1   2   3
   4   5   6   7
   8   9  10  15
  12  13  14  11
----------

   0   1   2   3
   4   5   6   7
   8   9  10  11
  12  13  14  15
----------

analysis--->
cost : 40
nodes expanded : 690469
nodes explored: 698479
所花費時間為: 5.7333s

---------------------------------------
