   0   1   2   3
   4   5   6   7
   8   9  10  11
  12  13  14  15
----------

---------------------------------------
heuristic :Linear Conflict
   0   3   8   6
  14   5   9   7
  13   4  11  10
  12   2   1  15
----------

   0   3   8   6
  14   5   9   7
  13   4  11  15
  12   2   1  10
----------

   0   3   8   6
  14   5   9   7
  13   4  15  11
  12   2   1  10
----------

   0   3   8   6
  14   5  15   7
  13   4   9  11
  12   2   1  10
----------

   0   3  15   6
  14   5   8   7
  13   4   9  11
  12   2   1  10
----------

   0  15   3   6
  14   5   8   7
  13   4   9  11
  12   2   1  10
----------

   0   5   3   6
  14  15   8   7
  13   4   9  11
  12   2   1  10
----------

   0   5   3   6
  15  14   8   7
  13   4   9  11
  12   2   1  10
----------

   0   5   3   6
  13  14   8   7
  15   4   9  11
  12   2   1  10
----------

   0   5   3   6
  13  14   8   7
   4  15   9  11
  12   2   1  10
----------

   0   5   3   6
  13  15   8   7
   4  14   9  11
  12   2   1  10
----------

   0   5   3   6
  13   8  15   7
   4  14   9  11
  12   2   1  10
----------

   0   5   3   6
  13   8   9   7
   4  14  15  11
  12   2   1  10
----------

   0   5   3   6
  13   8   9   7
   4  14   1  11
  12   2  15  10
----------

   0   5   3   6
  13   8   9   7
   4  14   1  11
  12  15   2  10
----------

   0   5   3   6
  13   8   9   7
   4  15   1  11
  12  14   2  10
----------

   0   5   3   6
  13  15   9   7
   4   8   1  11
  12  14   2  10
----------

   0   5   3   6
  15  13   9   7
   4   8   1  11
  12  14   2  10
----------

   0   5   3   6
   4  13   9   7
  15   8   1  11
  12  14   2  10
----------

   0   5   3   6
   4  13   9   7
   8  15   1  11
  12  14   2  10
----------

   0   5   3   6
   4  15   9   7
   8  13   1  11
  12  14   2  10
----------

   0   5   3   6
   4   9  15   7
   8  13   1  11
  12  14   2  10
----------

   0   5   3   6
   4   9   1   7
   8  13  15  11
  12  14   2  10
----------

   0   5   3   6
   4   9   1   7
   8  13   2  11
  12  14  15  10
----------

   0   5   3   6
   4   9   1   7
   8  13   2  11
  12  14  10  15
----------

   0   5   3   6
   4   9   1   7
   8  13   2  15
  12  14  10  11
----------

   0   5   3   6
   4   9   1  15
   8  13   2   7
  12  14  10  11
----------

   0   5   3  15
   4   9   1   6
   8  13   2   7
  12  14  10  11
----------

   0   5  15   3
   4   9   1   6
   8  13   2   7
  12  14  10  11
----------

   0   5   1   3
   4   9  15   6
   8  13   2   7
  12  14  10  11
----------

   0   5   1   3
   4   9   2   6
   8  13  15   7
  12  14  10  11
----------

   0   5   1   3
   4   9   2   6
   8  13  10   7
  12  14  15  11
----------

   0   5   1   3
   4   9   2   6
   8  13  10   7
  12  15  14  11
----------

   0   5   1   3
   4   9   2   6
   8  15  10   7
  12  13  14  11
----------

   0   5   1   3
   4  15   2   6
   8   9  10   7
  12  13  14  11
----------

   0  15   1   3
   4   5   2   6
   8   9  10   7
  12  13  14  11
----------

   0   1  15   3
   4   5   2   6
   8   9  10   7
  12  13  14  11
----------

   0   1   2   3
   4   5  15   6
   8   9  10   7
  12  13  14  11
----------

   0   1   2   3
   4   5   6  15
   8   9  10   7
  12  13  14  11
----------

   0   1   2   3
   4   5   6   7
   8   9  10  15
  12  13  14  11
----------

   0   1   2   3
   4   5   6   7
   8   9  10  11
  12  13  14  15
----------

analysis--->
cost : 40
nodes expanded : 274475
nodes explored: 277330
所花費時間為: 2.35869s

---------------------------------------
