   0   1   2   3
   4   5   6   7
   8   9  10  11
  12  13  14  15
----------

---------------------------------------
heuristic :Linear Conflict
   4   3   7   6
   1  14   5  10
  12  11   9   2
   8   0  13  15
----------

   4   3   7   6
   1  14   5  10
  12  11   9   2
   8   0  15  13
----------

   4   3   7   6
   1  14   5  10
  12  11  15   2
   8   0   9  13
----------

   4   3   7   6
   1  14   5  10
  12  15  11   2
   8   0   9  13
----------

   4   3   7   6
   1  14   5  10
  12   0  11   2
   8  15   9  13
----------

   4   3   7   6
   1  14   5  10
  12   0  11   2
  15   8   9  13
----------

   4   3   7   6
   1  14   5  10
  15   0  11   2
  12   8   9  13
----------

   4   3   7   6
   1  14   5  10
   0  15  11   2
  12   8   9  13
----------

   4   3   7   6
   1  14   5  10
   0   8  11   2
  12  15   9  13
----------

   4   3   7   6
   1  14   5  10
   0   8  11   2
  12   9  15  13
----------

   4   3   7   6
   1  14   5  10
   0   8  15   2
  12   9  11  13
----------

   4   3   7   6
   1  14  15  10
   0   8   5   2
  12   9  11  13
----------

   4   3  15   6
   1  14   7  10
   0   8   5   2
  12   9  11  13
----------

   4  15   3   6
   1  14   7  10
   0   8   5   2
  12   9  11  13
----------

  15   4   3   6
   1  14   7  10
   0   8   5   2
  12   9  11  13
----------

   1   4   3   6
  15  14   7  10
   0   8   5   2
  12   9  11  13
----------

   1   4   3   6
   0  14   7  10
  15   8   5   2
  12   9  11  13
----------

   1   4   3   6
   0  14   7  10
   8  15   5   2
  12   9  11  13
----------

   1   4   3   6
   0  14   7  10
   8   5  15   2
  12   9  11  13
----------

   1   4   3   6
   0  14   7  10
   8   5   2  15
  12   9  11  13
----------

   1   4   3   6
   0  14   7  15
   8   5   2  10
  12   9  11  13
----------

   1   4   3   6
   0  14  15   7
   8   5   2  10
  12   9  11  13
----------

   1   4   3   6
   0  14   2   7
   8   5  15  10
  12   9  11  13
----------

   1   4   3   6
   0  14   2   7
   8   5  11  10
  12   9  15  13
----------

   1   4   3   6
   0  14   2   7
   8   5  11  10
  12   9  13  15
----------

   1   4   3   6
   0  14   2   7
   8   5  11  15
  12   9  13  10
----------

   1   4   3   6
   0  14   2  15
   8   5  11   7
  12   9  13  10
----------

   1   4   3  15
   0  14   2   6
   8   5  11   7
  12   9  13  10
----------

   1   4  15   3
   0  14   2   6
   8   5  11   7
  12   9  13  10
----------

   1   4   2   3
   0  14  15   6
   8   5  11   7
  12   9  13  10
----------

   1   4   2   3
   0  15  14   6
   8   5  11   7
  12   9  13  10
----------

   1  15   2   3
   0   4  14   6
   8   5  11   7
  12   9  13  10
----------

  15   1   2   3
   0   4  14   6
   8   5  11   7
  12   9  13  10
----------

   0   1   2   3
  15   4  14   6
   8   5  11   7
  12   9  13  10
----------

   0   1   2   3
   4  15  14   6
   8   5  11   7
  12   9  13  10
----------

   0   1   2   3
   4   5  14   6
   8  15  11   7
  12   9  13  10
----------

   0   1   2   3
   4   5  14   6
   8   9  11   7
  12  15  13  10
----------

   0   1   2   3
   4   5  14   6
   8   9  11   7
  12  13  15  10
----------

   0   1   2   3
   4   5  14   6
   8   9  15   7
  12  13  11  10
----------

   0   1   2   3
   4   5  15   6
   8   9  14   7
  12  13  11  10
----------

   0   1   2   3
   4   5   6  15
   8   9  14   7
  12  13  11  10
----------

   0   1   2   3
   4   5   6   7
   8   9  14  15
  12  13  11  10
----------

   0   1   2   3
   4   5   6   7
   8   9  14  10
  12  13  11  15
----------

   0   1   2   3
   4   5   6   7
   8   9  14  10
  12  13  15  11
----------

   0   1   2   3
   4   5   6   7
   8   9  15  10
  12  13  14  11
----------

   0   1   2   3
   4   5   6   7
   8   9  10  15
  12  13  14  11
----------

   0   1   2   3
   4   5   6   7
   8   9  10  11
  12  13  14  15
----------

analysis--->
cost : 46
nodes expanded : 16150268
nodes explored: 16411595
所花費時間為: 168.165s

---------------------------------------
