   0   1   2   3
   4   5   6   7
   8   9  10  11
  12  13  14  15
----------

---------------------------------------
heuristic : Manhattan
   6  12   4   7
  10   3   1   2
   5   9  14  13
   0   8  11  15
----------

   6  12   4   7
  10   3   1   2
   5   9  14  13
   0   8  15  11
----------

   6  12   4   7
  10   3   1   2
   5   9  14  13
   0  15   8  11
----------

   6  12   4   7
  10   3   1   2
   5  15  14  13
   0   9   8  11
----------

   6  12   4   7
  10  15   1   2
   5   3  14  13
   0   9   8  11
----------

   6  12   4   7
  15  10   1   2
   5   3  14  13
   0   9   8  11
----------

   6  12   4   7
   5  10   1   2
  15   3  14  13
   0   9   8  11
----------

   6  12   4   7
   5  10   1   2
   0   3  14  13
  15   9   8  11
----------

   6  12   4   7
   5  10   1   2
   0   3  14  13
   9  15   8  11
----------

   6  12   4   7
   5  10   1   2
   0   3  14  13
   9   8  15  11
----------

   6  12   4   7
   5  10   1   2
   0   3  15  13
   9   8  14  11
----------

   6  12   4   7
   5  10   1   2
   0  15   3  13
   9   8  14  11
----------

   6  12   4   7
   5  15   1   2
   0  10   3  13
   9   8  14  11
----------

   6  15   4   7
   5  12   1   2
   0  10   3  13
   9   8  14  11
----------

   6   4  15   7
   5  12   1   2
   0  10   3  13
   9   8  14  11
----------

   6   4   1   7
   5  12  15   2
   0  10   3  13
   9   8  14  11
----------

   6   4   1   7
   5  12   3   2
   0  10  15  13
   9   8  14  11
----------

   6   4   1   7
   5  12   3   2
   0  10  13  15
   9   8  14  11
----------

   6   4   1   7
   5  12   3   2
   0  10  13  11
   9   8  14  15
----------

   6   4   1   7
   5  12   3   2
   0  10  13  11
   9   8  15  14
----------

   6   4   1   7
   5  12   3   2
   0  10  15  11
   9   8  13  14
----------

   6   4   1   7
   5  12   3   2
   0  15  10  11
   9   8  13  14
----------

   6   4   1   7
   5  15   3   2
   0  12  10  11
   9   8  13  14
----------

   6   4   1   7
  15   5   3   2
   0  12  10  11
   9   8  13  14
----------

   6   4   1   7
   0   5   3   2
  15  12  10  11
   9   8  13  14
----------

   6   4   1   7
   0   5   3   2
  12  15  10  11
   9   8  13  14
----------

   6   4   1   7
   0  15   3   2
  12   5  10  11
   9   8  13  14
----------

   6  15   1   7
   0   4   3   2
  12   5  10  11
   9   8  13  14
----------

  15   6   1   7
   0   4   3   2
  12   5  10  11
   9   8  13  14
----------

   0   6   1   7
  15   4   3   2
  12   5  10  11
   9   8  13  14
----------

   0   6   1   7
   4  15   3   2
  12   5  10  11
   9   8  13  14
----------

   0  15   1   7
   4   6   3   2
  12   5  10  11
   9   8  13  14
----------

   0   1  15   7
   4   6   3   2
  12   5  10  11
   9   8  13  14
----------

   0   1   3   7
   4   6  15   2
  12   5  10  11
   9   8  13  14
----------

   0   1   3   7
   4   6   2  15
  12   5  10  11
   9   8  13  14
----------

   0   1   3  15
   4   6   2   7
  12   5  10  11
   9   8  13  14
----------

   0   1  15   3
   4   6   2   7
  12   5  10  11
   9   8  13  14
----------

   0   1   2   3
   4   6  15   7
  12   5  10  11
   9   8  13  14
----------

   0   1   2   3
   4  15   6   7
  12   5  10  11
   9   8  13  14
----------

   0   1   2   3
   4   5   6   7
  12  15  10  11
   9   8  13  14
----------

   0   1   2   3
   4   5   6   7
  12   8  10  11
   9  15  13  14
----------

   0   1   2   3
   4   5   6   7
  12   8  10  11
  15   9  13  14
----------

   0   1   2   3
   4   5   6   7
  15   8  10  11
  12   9  13  14
----------

   0   1   2   3
   4   5   6   7
   8  15  10  11
  12   9  13  14
----------

   0   1   2   3
   4   5   6   7
   8   9  10  11
  12  15  13  14
----------

   0   1   2   3
   4   5   6   7
   8   9  10  11
  12  13  15  14
----------

   0   1   2   3
   4   5   6   7
   8   9  10  11
  12  13  14  15
----------

analysis--->
cost : 46
nodes expanded : 22001973
nodes explored: 22348818
所花費時間為: 215.629s

---------------------------------------
