   0   1   2   3
   4   5   6   7
   8   9  10  11
  12  13  14  15
----------

---------------------------------------
heuristic : Manhattan
   1   5   3   7
   0   6   2  11
   4  13   9  14
   8  12  10  15
----------

   1   5   3   7
   0   6   2  11
   4  13   9  15
   8  12  10  14
----------

   1   5   3   7
   0   6   2  15
   4  13   9  11
   8  12  10  14
----------

   1   5   3  15
   0   6   2   7
   4  13   9  11
   8  12  10  14
----------

   1   5  15   3
   0   6   2   7
   4  13   9  11
   8  12  10  14
----------

   1   5   2   3
   0   6  15   7
   4  13   9  11
   8  12  10  14
----------

   1   5   2   3
   0  15   6   7
   4  13   9  11
   8  12  10  14
----------

   1  15   2   3
   0   5   6   7
   4  13   9  11
   8  12  10  14
----------

  15   1   2   3
   0   5   6   7
   4  13   9  11
   8  12  10  14
----------

   0   1   2   3
  15   5   6   7
   4  13   9  11
   8  12  10  14
----------

   0   1   2   3
   4   5   6   7
  15  13   9  11
   8  12  10  14
----------

   0   1   2   3
   4   5   6   7
   8  13   9  11
  15  12  10  14
----------

   0   1   2   3
   4   5   6   7
   8  13   9  11
  12  15  10  14
----------

   0   1   2   3
   4   5   6   7
   8  15   9  11
  12  13  10  14
----------

   0   1   2   3
   4   5   6   7
   8   9  15  11
  12  13  10  14
----------

   0   1   2   3
   4   5   6   7
   8   9  10  11
  12  13  15  14
----------

   0   1   2   3
   4   5   6   7
   8   9  10  11
  12  13  14  15
----------

analysis--->
cost : 16
nodes expanded : 155
nodes explored: 155
所花費時間為: 0.0026643s

---------------------------------------
