   0   1   2   3
   4   5   6   7
   8   9  10  11
  12  13  14  15
----------

---------------------------------------
heuristic : Manhattan
   0   1   2   3
   4   6   7  11
   8   5  13  10
  12   9  14  15
----------

   0   1   2   3
   4   6   7  11
   8   5  13  10
  12   9  15  14
----------

   0   1   2   3
   4   6   7  11
   8   5  15  10
  12   9  13  14
----------

   0   1   2   3
   4   6   7  11
   8   5  10  15
  12   9  13  14
----------

   0   1   2   3
   4   6   7  15
   8   5  10  11
  12   9  13  14
----------

   0   1   2   3
   4   6  15   7
   8   5  10  11
  12   9  13  14
----------

   0   1   2   3
   4  15   6   7
   8   5  10  11
  12   9  13  14
----------

   0   1   2   3
   4   5   6   7
   8  15  10  11
  12   9  13  14
----------

   0   1   2   3
   4   5   6   7
   8   9  10  11
  12  15  13  14
----------

   0   1   2   3
   4   5   6   7
   8   9  10  11
  12  13  15  14
----------

   0   1   2   3
   4   5   6   7
   8   9  10  11
  12  13  14  15
----------

analysis--->
cost : 10
nodes expanded : 53
nodes explored: 53
所花費時間為: 0.0003188s

---------------------------------------
